0.935185185185189
0.8827160493827196
0.9259259259259297
0.8811728395061764
0.9305555555555594
0.8858024691358061
0.9320987654321026
0.8935185185185222
0.9336419753086458
0.8919753086419789
0.935185185185189
0.8919753086419789
0.9305555555555594
0.8765432098765468
0.9382716049382754
0.9089506172839543
0.9305555555555594
0.87808641975309
0.9228395061728433
0.8811728395061764
0.9367283950617322
0.8858024691358061
0.9259259259259297
0.8703703703703739
0.9259259259259297
0.8904320987654357
0.9058641975308679
0.8935185185185222
0.9336419753086458
0.8904320987654357
0.9274691358024729
0.8842592592592629
0.9305555555555594
0.8811728395061764
0.913580246913584
0.8672839506172875
0.9243827160493865
0.8873456790123493
0.9336419753086458
0.8765432098765468  

