Frequency (Hz)	Level (dB)
43.066406	-84.858978
86.132812	-76.930374
129.199219	-75.324371
172.265625	-75.081024
215.332031	-74.993660
258.398438	-74.047478
301.464844	-70.667839
344.531250	-69.531677
387.597656	-69.054115
430.664062	-65.516434
473.730469	-60.635582
516.796875	-57.517506
559.863281	-55.970875
602.929688	-56.135971
645.996094	-56.088181
689.062500	-51.400314
732.128906	-52.093185
775.195312	-51.650642
818.261719	-46.326702
861.328125	-44.682796
904.394531	-44.781902
947.460938	-45.277199
990.527344	-44.717121
1033.593750	-42.801647
1076.660156	-45.471149
1119.726562	-47.635826
1162.792969	-46.897190
1205.859375	-48.145775
1248.925781	-48.320225
1291.992188	-48.281494
1335.058594	-47.537029
1378.125000	-46.950363
1421.191406	-47.294331
1464.257812	-47.510883
1507.324219	-47.665039
1550.390625	-48.795555
1593.457031	-49.101212
1636.523438	-48.221001
1679.589844	-53.055721
1722.656250	-52.850353
1765.722656	-51.545742
1808.789062	-52.778111
1851.855469	-52.900894
1894.921875	-52.164555
1937.988281	-51.813816
1981.054688	-51.867611
2024.121094	-52.310375
2067.187500	-50.875713
2110.253906	-52.281441
2153.320312	-51.882393
2196.386719	-50.066864
2239.453125	-51.841419
2282.519531	-51.275944
2325.585938	-49.488869
2368.652344	-50.663479
2411.718750	-50.164841
2454.785156	-49.728077
2497.851562	-49.645443
2540.917969	-49.523876
2583.984375	-49.103851
2627.050781	-49.824280
2670.117188	-49.748726
2713.183594	-49.508804
2756.250000	-49.908428
2799.316406	-50.752186
2842.382812	-51.393600
2885.449219	-52.113804
2928.515625	-50.458084
2971.582031	-50.720570
3014.648438	-50.170403
3057.714844	-48.616138
3100.781250	-48.406773
3143.847656	-47.377113
3186.914062	-46.161316
3229.980469	-44.085316
3273.046875	-44.193718
3316.113281	-47.370106
3359.179688	-47.619911
3402.246094	-45.222290
3445.312500	-43.576130
3488.378906	-44.438332
3531.445312	-46.229649
3574.511719	-44.853832
3617.578125	-44.505459
3660.644531	-46.651772
3703.710938	-45.031563
3746.777344	-43.671452
3789.843750	-44.011944
3832.910156	-46.824429
3875.976562	-47.774612
3919.042969	-47.203403
3962.109375	-45.068863
4005.175781	-45.015820
4048.242188	-44.239990
4091.308594	-45.108353
4134.375000	-45.606941
4177.441406	-46.650253
4220.507812	-47.299831
4263.574219	-46.547722
4306.640625	-48.096405
4349.707031	-48.949066
4392.773438	-49.734646
4435.839844	-51.118309
4478.906250	-49.522175
4521.972656	-49.316059
4565.039062	-49.572067
4608.105469	-49.555199
4651.171875	-51.393215
4694.238281	-49.404896
4737.304688	-47.704479
4780.371094	-48.508835
4823.437500	-51.709751
4866.503906	-52.709660
4909.570312	-50.534798
4952.636719	-52.773453
4995.703125	-51.189091
5038.769531	-51.171555
5081.835938	-48.575661
5124.902344	-49.099190
5167.968750	-50.610050
5211.035156	-51.106667
5254.101562	-50.672161
5297.167969	-49.101727
5340.234375	-49.429848
5383.300781	-50.892410
5426.367188	-48.871666
5469.433594	-48.727962
5512.500000	-50.458000
5555.566406	-49.665432
5598.632812	-49.609230
5641.699219	-49.664150
5684.765625	-49.383816
5727.832031	-50.039997
5770.898438	-50.636868
5813.964844	-51.712917
5857.031250	-50.569229
5900.097656	-48.317024
5943.164062	-49.137531
5986.230469	-48.896358
6029.296875	-48.533382
6072.363281	-48.751480
6115.429688	-48.337116
6158.496094	-48.300079
6201.562500	-48.738907
6244.628906	-49.495377
6287.695312	-49.493595
6330.761719	-49.701237
6373.828125	-50.756721
6416.894531	-51.562847
6459.960938	-49.776051
6503.027344	-50.511269
6546.093750	-52.586868
6589.160156	-53.303864
6632.226562	-50.755562
6675.292969	-50.711411
6718.359375	-52.119671
6761.425781	-52.254471
6804.492188	-51.150948
6847.558594	-50.217606
6890.625000	-51.025440
6933.691406	-49.320995
6976.757812	-51.132328
7019.824219	-50.295605
7062.890625	-49.404743
7105.957031	-51.302685
7149.023438	-51.345779
7192.089844	-51.847462
7235.156250	-53.671246
7278.222656	-52.126934
7321.289062	-52.967148
7364.355469	-53.699287
7407.421875	-54.105213
7450.488281	-54.383175
7493.554688	-53.371635
7536.621094	-55.102608
7579.687500	-55.763351
7622.753906	-57.468246
7665.820312	-58.080730
7708.886719	-58.325592
7751.953125	-57.401054
7795.019531	-57.912228
7838.085938	-57.402206
7881.152344	-56.609066
7924.218750	-57.817055
7967.285156	-58.240719
8010.351562	-58.125412
8053.417969	-59.852261
8096.484375	-59.754036
8139.550781	-60.572632
8182.617188	-62.788078
8225.683594	-63.884689
8268.750000	-65.173706
8311.816406	-67.036560
8354.882812	-68.030655
8397.949219	-67.950455
8441.015625	-68.283287
8484.082031	-68.185463
8527.148438	-68.991447
8570.214844	-71.218704
8613.281250	-72.238510
8656.347656	-73.376991
8699.414062	-73.881126
8742.480469	-75.700195
8785.546875	-77.884811
8828.613281	-78.016182
8871.679688	-79.800026
8914.746094	-81.092018
8957.812500	-81.413551
9000.878906	-85.863503
9043.945312	-86.815559
9087.011719	-88.776077
9130.078125	-92.754646
9173.144531	-94.400787
9216.210938	-98.691208
9259.277344	-102.298996
9302.343750	-105.025787
9345.410156	-107.188957
9388.476562	-110.791931
9431.542969	-113.985168
9474.609375	-115.065865
9517.675781	-115.343964
9560.742188	-115.396645
9603.808594	-115.784607
9646.875000	-115.558846
9689.941406	-115.704559
9733.007812	-115.675003
9776.074219	-115.808731
9819.140625	-115.746590
9862.207031	-115.775963
9905.273438	-115.695129
9948.339844	-115.912354
9991.406250	-115.699715
10034.472656	-115.824326
10077.539062	-115.644722
10120.605469	-115.470367
10163.671875	-115.413284
10206.738281	-115.843460
10249.804688	-115.929710
10292.871094	-115.745422
10335.937500	-115.487976
10379.003906	-115.819588
10422.070312	-115.716377
10465.136719	-115.599220
10508.203125	-115.325226
10551.269531	-115.465607
10594.335938	-115.476761
10637.402344	-115.598793
10680.468750	-115.822777
10723.535156	-115.706841
10766.601562	-115.906197
10809.667969	-115.665512
10852.734375	-115.400330
10895.800781	-115.675438
10938.867188	-116.005104
10981.933594	-115.818550
11025.000000	-115.631493
11068.066406	-115.679108
11111.132812	-115.604782
11154.199219	-115.504440
11197.265625	-115.523178
11240.332031	-115.612068
11283.398438	-115.460602
11326.464844	-115.635368
11369.531250	-115.769135
11412.597656	-115.663445
11455.664062	-115.717812
11498.730469	-115.725761
11541.796875	-115.690147
11584.863281	-115.599541
11627.929688	-115.723763
11670.996094	-115.663666
11714.062500	-115.622757
11757.128906	-115.312744
11800.195312	-115.627365
11843.261719	-115.491264
11886.328125	-115.457718
11929.394531	-115.742210
11972.460938	-115.539383
12015.527344	-115.664444
12058.593750	-115.803200
12101.660156	-115.860039
12144.726562	-115.762794
12187.792969	-115.882759
12230.859375	-115.798042
12273.925781	-115.773697
12316.992188	-115.824387
12360.058594	-115.580353
12403.125000	-115.900276
12446.191406	-115.819191
12489.257812	-115.837074
12532.324219	-115.853127
12575.390625	-115.729408
12618.457031	-115.535210
12661.523438	-115.576187
12704.589844	-115.545013
12747.656250	-115.485764
12790.722656	-115.619553
12833.789062	-115.688553
12876.855469	-115.798767
12919.921875	-115.575005
12962.988281	-115.432808
13006.054688	-115.437050
13049.121094	-115.362144
13092.187500	-115.647903
13135.253906	-115.620003
13178.320312	-115.662430
13221.386719	-115.625107
13264.453125	-115.673851
13307.519531	-115.777962
13350.585938	-115.710983
13393.652344	-115.609230
13436.718750	-115.346786
13479.785156	-115.524376
13522.851562	-115.644165
13565.917969	-115.910774
13608.984375	-115.838570
13652.050781	-115.730492
13695.117188	-115.778557
13738.183594	-115.841782
13781.250000	-115.585556
13824.316406	-115.643150
13867.382812	-115.634621
13910.449219	-115.652634
13953.515625	-115.647972
13996.582031	-115.709785
14039.648438	-115.719864
14082.714844	-115.817703
14125.781250	-116.055092
14168.847656	-115.853119
14211.914062	-115.621986
14254.980469	-115.725517
14298.046875	-115.690674
14341.113281	-115.803810
14384.179688	-115.576958
14427.246094	-115.928925
14470.312500	-115.882950
14513.378906	-115.764694
14556.445312	-115.409691
14599.511719	-115.299889
14642.578125	-115.988899
14685.644531	-115.909248
14728.710938	-115.847885
14771.777344	-115.600891
14814.843750	-115.290413
14857.910156	-115.409599
14900.976562	-115.561562
14944.042969	-115.710899
14987.109375	-115.667961
15030.175781	-115.910530
15073.242188	-115.933533
15116.308594	-115.795013
15159.375000	-115.592789
15202.441406	-115.534996
15245.507812	-115.264526
15288.574219	-115.442276
15331.640625	-115.531181
15374.707031	-115.447021
15417.773438	-115.712891
15460.839844	-115.627907
15503.906250	-115.506050
15546.972656	-115.477089
15590.039062	-115.870262
15633.105469	-116.021805
15676.171875	-115.826866
15719.238281	-115.660202
15762.304688	-115.675529
15805.371094	-115.490845
15848.437500	-115.618729
15891.503906	-115.491730
15934.570312	-115.315414
15977.636719	-115.444778
16020.703125	-115.597977
16063.769531	-115.665924
16106.835938	-115.288940
16149.902344	-115.577980
16192.968750	-115.567055
16236.035156	-115.613373
16279.101562	-115.614166
16322.167969	-115.394043
16365.234375	-115.407234
16408.300781	-115.618782
16451.367188	-115.820419
16494.433594	-115.909721
16537.500000	-115.710266
16580.566406	-115.762253
16623.632812	-115.827698
16666.699219	-115.675011
16709.765625	-115.459953
16752.832031	-115.485962
16795.898438	-115.759071
16838.964844	-115.632721
16882.031250	-115.596039
16925.097656	-115.674965
16968.164062	-115.549835
17011.230469	-115.762199
17054.296875	-115.554268
17097.363281	-115.439095
17140.429688	-115.758080
17183.496094	-115.818520
17226.562500	-115.808556
17269.628906	-115.743195
17312.695312	-116.039581
17355.761719	-115.646507
17398.828125	-115.631310
17441.894531	-115.908081
17484.960938	-115.707886
17528.027344	-115.601463
17571.093750	-115.607353
17614.160156	-115.337273
17657.226562	-115.648880
17700.292969	-115.731140
17743.359375	-115.815010
17786.425781	-115.905045
17829.492188	-115.587120
17872.558594	-115.420906
17915.625000	-115.359955
17958.691406	-115.334343
18001.757812	-115.580681
18044.824219	-115.774803
18087.890625	-115.621689
18130.957031	-115.811935
18174.023438	-115.679367
18217.089844	-115.650185
18260.156250	-115.565353
18303.222656	-115.501022
18346.289062	-115.638573
18389.355469	-115.861816
18432.421875	-115.936584
18475.488281	-115.757927
18518.554688	-115.748032
18561.621094	-115.503777
18604.687500	-115.402954
18647.753906	-115.590698
18690.820312	-115.632690
18733.886719	-115.435234
18776.953125	-115.515663
18820.019531	-115.727722
18863.085938	-115.602242
18906.152344	-115.420967
18949.218750	-115.455444
18992.285156	-115.394646
19035.351562	-115.626396
19078.417969	-115.554588
19121.484375	-115.710510
19164.550781	-115.842415
19207.617188	-115.639610
19250.683594	-115.743690
19293.750000	-115.719620
19336.816406	-115.688416
19379.882812	-115.903976
19422.949219	-115.698524
19466.015625	-115.764290
19509.082031	-115.492729
19552.148438	-115.583420
19595.214844	-115.743317
19638.281250	-115.846840
19681.347656	-115.623283
19724.414062	-115.531273
19767.480469	-115.537628
19810.546875	-115.597702
19853.613281	-115.577583
19896.679688	-115.437408
19939.746094	-115.653244
19982.812500	-115.598869
20025.878906	-115.714088
20068.945312	-115.689644
20112.011719	-115.863396
20155.078125	-115.844398
20198.144531	-115.557808
20241.210938	-115.865112
20284.277344	-115.610367
20327.343750	-115.562767
20370.410156	-115.606178
20413.476562	-115.571251
20456.542969	-115.836922
20499.609375	-115.765968
20542.675781	-115.716148
20585.742188	-115.572166
20628.808594	-115.620125
20671.875000	-115.676018
20714.941406	-115.909180
20758.007812	-115.955925
20801.074219	-115.729721
20844.140625	-115.745750
20887.207031	-115.916328
20930.273438	-115.696594
20973.339844	-115.645454
21016.406250	-115.819221
21059.472656	-115.557884
21102.539062	-115.513527
21145.605469	-115.496941
21188.671875	-115.569633
21231.738281	-115.550690
21274.804688	-115.568054
21317.871094	-115.679405
21360.937500	-115.588646
21404.003906	-115.548088
21447.070312	-115.488350
21490.136719	-115.336647
21533.203125	-115.540909
21576.269531	-115.682007
21619.335938	-115.613892
21662.402344	-115.333672
21705.468750	-115.403580
21748.535156	-115.598465
21791.601562	-115.633530
21834.667969	-115.826126
21877.734375	-115.876854
21920.800781	-115.630844
21963.867188	-115.571388
22006.933594	-115.670197
