Frequency (Hz)	Level (dB)
43.066406	-85.805634
86.132812	-76.904442
129.199219	-73.786354
172.265625	-74.351715
215.332031	-73.065788
258.398438	-71.246490
301.464844	-70.397781
344.531250	-67.973999
387.597656	-67.327118
430.664062	-63.060993
473.730469	-59.857506
516.796875	-57.777828
559.863281	-53.517586
602.929688	-52.147236
645.996094	-52.665073
689.062500	-52.775517
732.128906	-51.357510
775.195312	-47.343121
818.261719	-46.176590
861.328125	-45.020538
904.394531	-43.448513
947.460938	-43.522549
990.527344	-40.576630
1033.593750	-38.269218
1076.660156	-40.871391
1119.726562	-43.310833
1162.792969	-45.508606
1205.859375	-46.695023
1248.925781	-45.658001
1291.992188	-43.063560
1335.058594	-43.588699
1378.125000	-44.304512
1421.191406	-44.019619
1464.257812	-45.121742
1507.324219	-48.152027
1550.390625	-47.352665
1593.457031	-45.139233
1636.523438	-45.380253
1679.589844	-45.909328
1722.656250	-47.496330
1765.722656	-46.621918
1808.789062	-45.937622
1851.855469	-48.141369
1894.921875	-47.634369
1937.988281	-48.304390
1981.054688	-47.917667
2024.121094	-47.029770
2067.187500	-45.921944
2110.253906	-45.099854
2153.320312	-43.455868
2196.386719	-44.627628
2239.453125	-46.769855
2282.519531	-45.543781
2325.585938	-45.228794
2368.652344	-45.220352
2411.718750	-45.334095
2454.785156	-45.031258
2497.851562	-43.747440
2540.917969	-46.547337
2583.984375	-45.282223
2627.050781	-44.391342
2670.117188	-44.369980
2713.183594	-45.947006
2756.250000	-45.902603
2799.316406	-45.453293
2842.382812	-45.156269
2885.449219	-45.511711
2928.515625	-44.854225
2971.582031	-43.915955
3014.648438	-42.649170
3057.714844	-42.625751
3100.781250	-40.718044
3143.847656	-40.212006
3186.914062	-40.546371
3229.980469	-39.967678
3273.046875	-39.273544
3316.113281	-40.993320
3359.179688	-39.227287
3402.246094	-39.833000
3445.312500	-39.847111
3488.378906	-39.491253
3531.445312	-39.895561
3574.511719	-39.583656
3617.578125	-40.860195
3660.644531	-43.078236
3703.710938	-42.874725
3746.777344	-43.154659
3789.843750	-43.202923
3832.910156	-39.980770
3875.976562	-40.857410
3919.042969	-40.414593
3962.109375	-39.429508
4005.175781	-42.583488
4048.242188	-43.291824
4091.308594	-42.554779
4134.375000	-42.162769
4177.441406	-42.514549
4220.507812	-42.798435
4263.574219	-47.123837
4306.640625	-46.256897
4349.707031	-46.062119
4392.773438	-46.285210
4435.839844	-44.362892
4478.906250	-46.145805
4521.972656	-47.628300
4565.039062	-46.454754
4608.105469	-47.641716
4651.171875	-46.325138
4694.238281	-47.969616
4737.304688	-47.450794
4780.371094	-48.901062
4823.437500	-48.010265
4866.503906	-48.334530
4909.570312	-51.288139
4952.636719	-50.430702
4995.703125	-50.100529
5038.769531	-51.151867
5081.835938	-50.543098
5124.902344	-49.496937
5167.968750	-47.920792
5211.035156	-49.824509
5254.101562	-49.095242
5297.167969	-49.728592
5340.234375	-50.064449
5383.300781	-49.576088
5426.367188	-50.272377
5469.433594	-49.835903
5512.500000	-49.142178
5555.566406	-48.302975
5598.632812	-49.078251
5641.699219	-48.759701
5684.765625	-49.553764
5727.832031	-49.661114
5770.898438	-50.019264
5813.964844	-50.289879
5857.031250	-48.956287
5900.097656	-48.584068
5943.164062	-48.166721
5986.230469	-49.855789
6029.296875	-50.761257
6072.363281	-50.001842
6115.429688	-49.094021
6158.496094	-49.318058
6201.562500	-47.944675
6244.628906	-47.945210
6287.695312	-48.283455
6330.761719	-50.400154
6373.828125	-52.035351
6416.894531	-50.955978
6459.960938	-50.413689
6503.027344	-51.724857
6546.093750	-51.664894
6589.160156	-50.203320
6632.226562	-51.770229
6675.292969	-52.962833
6718.359375	-51.281914
6761.425781	-53.078743
6804.492188	-52.613766
6847.558594	-51.475361
6890.625000	-53.785503
6933.691406	-53.300999
6976.757812	-50.632309
7019.824219	-49.281918
7062.890625	-52.616802
7105.957031	-52.994255
7149.023438	-53.314175
7192.089844	-52.920120
7235.156250	-52.093552
7278.222656	-52.008255
7321.289062	-55.627239
7364.355469	-58.128944
7407.421875	-56.977543
7450.488281	-55.910927
7493.554688	-57.195606
7536.621094	-57.375572
7579.687500	-57.074825
7622.753906	-57.826267
7665.820312	-59.580185
7708.886719	-60.810989
7751.953125	-56.727962
7795.019531	-57.815056
7838.085938	-58.054604
7881.152344	-60.305630
7924.218750	-62.263103
7967.285156	-61.901447
8010.351562	-61.464767
8053.417969	-63.721855
8096.484375	-64.494598
8139.550781	-62.918205
8182.617188	-63.017990
8225.683594	-63.345524
8268.750000	-65.271011
8311.816406	-69.855530
8354.882812	-68.792152
8397.949219	-68.629433
8441.015625	-69.762901
8484.082031	-71.492088
8527.148438	-72.008995
8570.214844	-72.877716
8613.281250	-75.610016
8656.347656	-78.051353
8699.414062	-75.278061
8742.480469	-74.756706
8785.546875	-77.058708
8828.613281	-79.816154
8871.679688	-81.474648
8914.746094	-83.587959
8957.812500	-83.720284
9000.878906	-83.563766
9043.945312	-88.509483
9087.011719	-92.544044
9130.078125	-94.885719
9173.144531	-95.468102
9216.210938	-100.397415
9259.277344	-102.542885
9302.343750	-104.612404
9345.410156	-109.208008
9388.476562	-110.655579
9431.542969	-112.575912
9474.609375	-114.824905
9517.675781	-115.564903
9560.742188	-115.487419
9603.808594	-115.733307
9646.875000	-115.744324
9689.941406	-115.830498
9733.007812	-115.989296
9776.074219	-116.159653
9819.140625	-115.850662
9862.207031	-115.879890
9905.273438	-115.360123
9948.339844	-115.438667
9991.406250	-115.634544
10034.472656	-115.601768
10077.539062	-115.309372
10120.605469	-115.251823
10163.671875	-115.322563
10206.738281	-115.854065
10249.804688	-116.004280
10292.871094	-115.770973
10335.937500	-115.763344
10379.003906	-115.536713
10422.070312	-115.674026
10465.136719	-115.747978
10508.203125	-115.652916
10551.269531	-115.658432
10594.335938	-115.602791
10637.402344	-115.873772
10680.468750	-115.687309
10723.535156	-115.698975
10766.601562	-115.469795
10809.667969	-115.529541
10852.734375	-115.572311
10895.800781	-115.625465
10938.867188	-115.687012
10981.933594	-115.884819
11025.000000	-115.683792
11068.066406	-115.497864
11111.132812	-115.505363
11154.199219	-115.532135
11197.265625	-115.769470
11240.332031	-115.710121
11283.398438	-115.596069
11326.464844	-115.850838
11369.531250	-115.922905
11412.597656	-115.962715
11455.664062	-115.915924
11498.730469	-115.621246
11541.796875	-115.466393
11584.863281	-115.666550
11627.929688	-115.817078
11670.996094	-116.144302
11714.062500	-115.982544
11757.128906	-115.742729
11800.195312	-115.842178
11843.261719	-115.859756
11886.328125	-115.851471
11929.394531	-115.678078
11972.460938	-115.522835
12015.527344	-115.671227
12058.593750	-116.030388
12101.660156	-115.961853
12144.726562	-115.502144
12187.792969	-115.333488
12230.859375	-115.721497
12273.925781	-116.020660
12316.992188	-115.513885
12360.058594	-115.381706
12403.125000	-115.744415
12446.191406	-115.825089
12489.257812	-116.062126
12532.324219	-115.886436
12575.390625	-115.624313
12618.457031	-115.563774
12661.523438	-115.649590
12704.589844	-115.433632
12747.656250	-115.580208
12790.722656	-115.750534
12833.789062	-115.614891
12876.855469	-115.718178
12919.921875	-115.580605
12962.988281	-115.958191
13006.054688	-115.807373
13049.121094	-115.504967
13092.187500	-115.629204
13135.253906	-115.875862
13178.320312	-115.761955
13221.386719	-115.732193
13264.453125	-115.715721
13307.519531	-115.810310
13350.585938	-115.511452
13393.652344	-115.614586
13436.718750	-115.571350
13479.785156	-115.709793
13522.851562	-115.842880
13565.917969	-116.040527
13608.984375	-115.839165
13652.050781	-115.620712
13695.117188	-115.795837
13738.183594	-116.129951
13781.250000	-115.993126
13824.316406	-115.684464
13867.382812	-115.834602
13910.449219	-115.735672
13953.515625	-115.725220
13996.582031	-115.717598
14039.648438	-116.063530
14082.714844	-115.991112
14125.781250	-115.900330
14168.847656	-115.727303
14211.914062	-115.666924
14254.980469	-115.443336
14298.046875	-115.591362
14341.113281	-116.085754
14384.179688	-115.889351
14427.246094	-115.823326
14470.312500	-115.622620
14513.378906	-115.286713
14556.445312	-115.418991
14599.511719	-115.782852
14642.578125	-115.480209
14685.644531	-115.577225
14728.710938	-115.736984
14771.777344	-115.490486
14814.843750	-115.576767
14857.910156	-115.643372
14900.976562	-115.817116
14944.042969	-115.745476
14987.109375	-115.900146
15030.175781	-115.927925
15073.242188	-115.651436
15116.308594	-115.625023
15159.375000	-115.616005
15202.441406	-115.655266
15245.507812	-115.531792
15288.574219	-115.725594
15331.640625	-115.580414
15374.707031	-115.552849
15417.773438	-115.806755
15460.839844	-115.813057
15503.906250	-115.506363
15546.972656	-115.421288
15590.039062	-115.578857
15633.105469	-115.665024
15676.171875	-115.985458
15719.238281	-115.692673
15762.304688	-115.532104
15805.371094	-115.811707
15848.437500	-115.742760
15891.503906	-115.736046
15934.570312	-115.529884
15977.636719	-115.558601
16020.703125	-115.720863
16063.769531	-115.632179
16106.835938	-115.597641
16149.902344	-115.813118
16192.968750	-115.996017
16236.035156	-115.917839
16279.101562	-115.821381
16322.167969	-115.753464
16365.234375	-115.716202
16408.300781	-115.704330
16451.367188	-115.623772
16494.433594	-115.587685
16537.500000	-115.566116
16580.566406	-115.738716
16623.632812	-115.925316
16666.699219	-115.536263
16709.765625	-115.672943
16752.832031	-115.918045
16795.898438	-115.721939
16838.964844	-115.547256
16882.031250	-115.656982
16925.097656	-115.819710
16968.164062	-115.937279
17011.230469	-115.694191
17054.296875	-115.621704
17097.363281	-115.763084
17140.429688	-115.701736
17183.496094	-115.665817
17226.562500	-115.869835
17269.628906	-115.996498
17312.695312	-115.966339
17355.761719	-115.715805
17398.828125	-115.539116
17441.894531	-115.695152
17484.960938	-115.567383
17528.027344	-115.722664
17571.093750	-115.919754
17614.160156	-115.724274
17657.226562	-115.767326
17700.292969	-115.856781
17743.359375	-115.759361
17786.425781	-115.728165
17829.492188	-115.584076
17872.558594	-115.687706
17915.625000	-115.793686
17958.691406	-115.572296
18001.757812	-115.971107
18044.824219	-115.805389
18087.890625	-116.043854
18130.957031	-115.906197
18174.023438	-115.657448
18217.089844	-115.930717
18260.156250	-115.815849
18303.222656	-115.537025
18346.289062	-115.681992
18389.355469	-115.848938
18432.421875	-115.833496
18475.488281	-115.713264
18518.554688	-115.782166
18561.621094	-115.689445
18604.687500	-115.561966
18647.753906	-115.537041
18690.820312	-115.387390
18733.886719	-115.486885
18776.953125	-115.756386
18820.019531	-115.652061
18863.085938	-115.466606
18906.152344	-115.571388
18949.218750	-115.529495
18992.285156	-115.510521
19035.351562	-115.550598
19078.417969	-115.688591
19121.484375	-115.592186
19164.550781	-115.604370
19207.617188	-115.646423
19250.683594	-115.708878
19293.750000	-115.672989
19336.816406	-115.820946
19379.882812	-115.864655
19422.949219	-115.629303
19466.015625	-115.681007
19509.082031	-115.844246
19552.148438	-115.699036
19595.214844	-115.679398
19638.281250	-115.685555
19681.347656	-115.609398
19724.414062	-115.864372
19767.480469	-116.003960
19810.546875	-115.915092
19853.613281	-115.791740
19896.679688	-115.677322
19939.746094	-115.736450
19982.812500	-115.604874
20025.878906	-115.652779
20068.945312	-115.760460
20112.011719	-115.767448
20155.078125	-115.705963
20198.144531	-115.663925
20241.210938	-115.678551
20284.277344	-115.670868
20327.343750	-115.634148
20370.410156	-115.720894
20413.476562	-115.867638
20456.542969	-115.736198
20499.609375	-115.738663
20542.675781	-115.792244
20585.742188	-115.883827
20628.808594	-115.930176
20671.875000	-115.824936
20714.941406	-115.618568
20758.007812	-115.567017
20801.074219	-115.728386
20844.140625	-115.738380
20887.207031	-115.614548
20930.273438	-115.578568
20973.339844	-115.682991
21016.406250	-115.825027
21059.472656	-115.923103
21102.539062	-115.680710
21145.605469	-115.714546
21188.671875	-116.006218
21231.738281	-116.102036
21274.804688	-115.583824
21317.871094	-115.658752
21360.937500	-116.080681
21404.003906	-115.954468
21447.070312	-115.650162
21490.136719	-115.713844
21533.203125	-115.894875
21576.269531	-115.836899
21619.335938	-115.760117
21662.402344	-115.876183
21705.468750	-115.889908
21748.535156	-115.751701
21791.601562	-115.797981
21834.667969	-115.905121
21877.734375	-115.854843
21920.800781	-115.928841
21963.867188	-115.766373
22006.933594	-115.939667
